start | ( 0 , ( 0 , ) , 0 , () , )
crosses | ( 1 , ( 1 , ) , 0 , () , )
click (0,0) for galaxy | ( 1 , ( 11 , ) , 0 , () , )
galaxy | ( 2 , ( 1 , -1 , ) , 0 , () , )
galaxy-1 | ( 5 , ( 2 , 0 , () , () , () , () , () , 26995 , ) , 0 , () , )
gameselect | ( 5 , ( 2 , 0 , () , () , () , () , () , 23498 , ) , 8 , () , )
tic-tac-toe draw | ( 3 , ( 0 , ( 2 , 1 , 2 , 2 , 1 , 1 , 1 , 2 , 1 , ) , ( 7549537 , ) , 0 , ) , 0 , () , )
tic-tac-toe 8 draws | ( 3 , ( 0 , ( 0 , 0 , 0 , 0 , 0 , 0 , 0 , 0 , 0 , ) , ( 6860065 , 6862459 , 6862465 , 7549537 , 7551595 , 7566001 , 12493153 , 12493195 , ) , 0 , ) , 0 , () , )
tic-tac-toe 9 draws | ( 3 , ( 0 , ( 0 , 0 , 0 , 0 , 0 , 0 , 0 , 0 , 0 , ) , ( 6860065 , 6862459 , 6862465 , 7549537 , 7551595 , 7566001 , 12493153 , 12493195 , 7683601 , ) , 0 , ) , 0 , () , )
some alien | ( 2 , ( 3 , 1 , ) , 0 , () , )
tutorial 2 end | ( 6 , ( 2 , 9 , 4833742300246792746 , 0 , 10 , 3 , () , () , 4 , ( 8 , () , ( ( ( 1 , 1 , ( 24 , 0 ) , ( 0 , 0 ) , ( 0 , 0 , 0 , 0 , ) , 0 , 64 , 1 , ) , () , ) , ( ( 0 , 0 , ( 24 , 0 ) , ( 1 , 0 ) , ( 0 , 0 , 0 , 0 , ) , 0 , 64 , 1 , ) , ( ( 1 , 128 , 32 , ) , ) , ) , ) , ) , ( 16 , 0 , ( 512 , 1 , 64 , ) , () , () , ) , ( () , ( ( 0 , ( ( ( 1 , 1 , ( 24 , 0 ) , ( 0 , 0 ) , ( 63 , 0 , 0 , 1 , ) , 0 , 64 , 1 , ) , () , ) , ( ( 0 , 0 , ( 16 , 0 ) , ( 1 , 0 ) , ( 0 , 0 , 0 , 1 , ) , 0 , 64 , 1 , ) , () , ) , ) , ) , ( 1 , ( ( ( 1 , 1 , ( 24 , 0 ) , ( 0 , 0 ) , ( 63 , 0 , 0 , 1 , ) , 0 , 64 , 1 , ) , () , ) , ( ( 0 , 0 , ( 17 , 0 ) , ( 1 , 0 ) , ( 0 , 0 , 0 , 1 , ) , 0 , 64 , 1 , ) , () , ) , ) , ) , ( 2 , ( ( ( 1 , 1 , ( 24 , 0 ) , ( 0 , 0 ) , ( 63 , 0 , 0 , 1 , ) , 0 , 64 , 1 , ) , () , ) , ( ( 0 , 0 , ( 18 , 0 ) , ( 1 , 0 ) , ( 0 , 0 , 0 , 1 , ) , 0 , 64 , 1 , ) , () , ) , ) , ) , ( 3 , ( ( ( 1 , 1 , ( 24 , 0 ) , ( 0 , 0 ) , ( 63 , 0 , 0 , 1 , ) , 0 , 64 , 1 , ) , () , ) , ( ( 0 , 0 , ( 19 , 0 ) , ( 1 , 0 ) , ( 0 , 0 , 0 , 1 , ) , 0 , 64 , 1 , ) , () , ) , ) , ) , ( 4 , ( ( ( 1 , 1 , ( 24 , 0 ) , ( 0 , 0 ) , ( 63 , 0 , 0 , 1 , ) , 0 , 64 , 1 , ) , () , ) , ( ( 0 , 0 , ( 20 , 0 ) , ( 1 , 0 ) , ( 0 , 0 , 0 , 1 , ) , 0 , 64 , 1 , ) , () , ) , ) , ) , ( 5 , ( ( ( 1 , 1 , ( 24 , 0 ) , ( 0 , 0 ) , ( 63 , 0 , 0 , 1 , ) , 0 , 64 , 1 , ) , () , ) , ( ( 0 , 0 , ( 21 , 0 ) , ( 1 , 0 ) , ( 0 , 0 , 0 , 1 , ) , 0 , 64 , 1 , ) , () , ) , ) , ) , ( 6 , ( ( ( 1 , 1 , ( 24 , 0 ) , ( 0 , 0 ) , ( 63 , 0 , 0 , 1 , ) , 0 , 64 , 1 , ) , () , ) , ( ( 0 , 0 , ( 22 , 0 ) , ( 1 , 0 ) , ( 0 , 0 , 0 , 1 , ) , 0 , 64 , 1 , ) , () , ) , ) , ) , ( 7 , ( ( ( 1 , 1 , ( 24 , 0 ) , ( 0 , 0 ) , ( 63 , 0 , 0 , 1 , ) , 0 , 64 , 1 , ) , () , ) , ( ( 0 , 0 , ( 23 , 0 ) , ( 1 , 0 ) , ( 0 , 0 , 0 , 1 , ) , 0 , 64 , 1 , ) , () , ) , ) , ) , ( 8 , ( ( ( 1 , 1 , ( 24 , 0 ) , ( 0 , 0 ) , ( 0 , 0 , 0 , 0 , ) , 0 , 64 , 1 , ) , () , ) , ( ( 0 , 0 , ( 24 , 0 ) , ( 1 , 0 ) , ( 0 , 0 , 0 , 0 , ) , 0 , 64 , 1 , ) , ( ( 1 , 128 , 32 , ) , ) , ) , ) , ) , ) , ) , () , ) , 8 , () , )
tutorial 3 end | ( 6 , ( 3 , 9 , 5843322780756261592 , 0 , 12 , 3 , () , () , 4 , ( 11 , () , ( ( ( 1 , 1 , ( 33 , 6 ) , ( 0 , 0 ) , ( 0 , 0 , 0 , 0 , ) , 0 , 64 , 1 , ) , () , ) , ( ( 0 , 0 , ( 34 , 7 ) , ( 2 , 1 ) , ( 0 , 0 , 0 , 0 , ) , 16 , 64 , 1 , ) , ( ( 1 , 161 , 32 , ) , ) , ) , ) , ) , ( 12 , 0 , ( 512 , 1 , 64 , ) , () , () , ) , ( () , ( ( 0 , ( ( ( 1 , 1 , ( 33 , 6 ) , ( 0 , 0 ) , ( 78 , 0 , 0 , 1 , ) , 0 , 64 , 1 , ) , () , ) , ( ( 0 , 0 , ( 16 , 0 ) , ( 0 , 0 ) , ( 3 , 0 , 0 , 1 , ) , 0 , 64 , 1 , ) , () , ) , ) , ) , ( 1 , ( ( ( 1 , 1 , ( 33 , 6 ) , ( 0 , 0 ) , ( 78 , 0 , 0 , 1 , ) , 0 , 64 , 1 , ) , () , ) , ( ( 0 , 0 , ( 17 , 0 ) , ( 1 , 0 ) , ( 2 , 0 , 0 , 1 , ) , 8 , 64 , 1 , ) , ( ( 0 , ( 1 , 0 ) , ) , ) , ) , ) , ) , ( 2 , ( ( ( 1 , 1 , ( 33 , 6 ) , ( 0 , 0 ) , ( 78 , 0 , 0 , 1 , ) , 0 , 64 , 1 , ) , () , ) , ( ( 0 , 0 , ( 18 , 0 ) , ( 1 , 0 ) , ( 2 , 0 , 0 , 1 , ) , 8 , 64 , 1 , ) , () , ) , ) , ) , ( 3 , ( ( ( 1 , 1 , ( 33 , 6 ) , ( 0 , 0 ) , ( 78 , 0 , 0 , 1 , ) , 0 , 64 , 1 , ) , () , ) , ( ( 0 , 0 , ( 19 , 0 ) , ( 1 , 0 ) , ( 2 , 0 , 0 , 1 , ) , 8 , 64 , 1 , ) , () , ) , ) , ) , ( 4 , ( ( ( 1 , 1 , ( 33 , 6 ) , ( 0 , 0 ) , ( 78 , 0 , 0 , 1 , ) , 0 , 64 , 1 , ) , () , ) , ( ( 0 , 0 , ( 20 , 0 ) , ( 1 , 0 ) , ( 2 , 0 , 0 , 1 , ) , 8 , 64 , 1 , ) , () , ) , ) , ) , ( 5 , ( ( ( 1 , 1 , ( 33 , 6 ) , ( 0 , 0 ) , ( 78 , 0 , 0 , 1 , ) , 0 , 64 , 1 , ) , () , ) , ( ( 0 , 0 , ( 22 , 1 ) , ( 2 , 1 ) , ( 1 , 0 , 0 , 1 , ) , 16 , 64 , 1 , ) , ( ( 0 , ( 1 , 1 ) , ) , ) , ) , ) , ) , ( 6 , ( ( ( 1 , 1 , ( 33 , 6 ) , ( 0 , 0 ) , ( 78 , 0 , 0 , 1 , ) , 0 , 64 , 1 , ) , () , ) , ( ( 0 , 0 , ( 24 , 2 ) , ( 2 , 1 ) , ( 1 , 0 , 0 , 1 , ) , 16 , 64 , 1 , ) , () , ) , ) , ) , ( 7 , ( ( ( 1 , 1 , ( 33 , 6 ) , ( 0 , 0 ) , ( 78 , 0 , 0 , 1 , ) , 0 , 64 , 1 , ) , () , ) , ( ( 0 , 0 , ( 26 , 3 ) , ( 2 , 1 ) , ( 1 , 0 , 0 , 1 , ) , 16 , 64 , 1 , ) , () , ) , ) , ) , ( 8 , ( ( ( 1 , 1 , ( 33 , 6 ) , ( 0 , 0 ) , ( 78 , 0 , 0 , 1 , ) , 0 , 64 , 1 , ) , () , ) , ( ( 0 , 0 , ( 28 , 4 ) , ( 2 , 1 ) , ( 1 , 0 , 0 , 1 , ) , 16 , 64 , 1 , ) , () , ) , ) , ) , ( 9 , ( ( ( 1 , 1 , ( 33 , 6 ) , ( 0 , 0 ) , ( 78 , 0 , 0 , 1 , ) , 0 , 64 , 1 , ) , () , ) , ( ( 0 , 0 , ( 30 , 5 ) , ( 2 , 1 ) , ( 1 , 0 , 0 , 1 , ) , 16 , 64 , 1 , ) , () , ) , ) , ) , ( 10 , ( ( ( 1 , 1 , ( 33 , 6 ) , ( 0 , 0 ) , ( 78 , 0 , 0 , 1 , ) , 0 , 64 , 1 , ) , () , ) , ( ( 0 , 0 , ( 32 , 6 ) , ( 2 , 1 ) , ( 1 , 0 , 0 , 1 , ) , 16 , 64 , 1 , ) , () , ) , ) , ) , ( 11 , ( ( ( 1 , 1 , ( 33 , 6 ) , ( 0 , 0 ) , ( 0 , 0 , 0 , 0 , ) , 0 , 64 , 1 , ) , () , ) , ( ( 0 , 0 , ( 34 , 7 ) , ( 2 , 1 ) , ( 0 , 0 , 0 , 0 , ) , 16 , 64 , 1 , ) , ( ( 1 , 161 , 32 , ) , ) , ) , ) , ) , ) , ) , () , ) , 8 , () , )
tutorial 4 end | ( 6 , ( 4 , 9 , 4739738076862112292 , 0 , 13 , 3 , () , () , 4 , ( 8 , () , ( ( ( 1 , 1 , ( 38 , 0 ) , ( 0 , 0 ) , ( 0 , 0 , 0 , 0 , ) , 0 , 64 , 1 , ) , () , ) , ( ( 0 , 0 , ( 37 , 0 ) , ( 3 , 0 ) , ( 0 , 0 , 0 , 0 , ) , 64 , 64 , 1 , ) , ( ( 1 , 128 , 32 , ) , ) , ) , ) , ) , ( 8 , 0 , ( 512 , 1 , 64 , ) , () , () , ) , ( () , ( ( 0 , ( ( ( 1 , 1 , ( 38 , 0 ) , ( 0 , 0 ) , ( 32 , 0 , 0 , 1 , ) , 0 , 64 , 1 , ) , () , ) , ( ( 0 , 0 , ( 16 , 0 ) , ( 0 , 0 ) , ( 15 , 0 , 0 , 1 , ) , 52 , 64 , 1 , ) , () , ) , ) , ) , ( 1 , ( ( ( 1 , 1 , ( 38 , 0 ) , ( 0 , 0 ) , ( 32 , 0 , 0 , 1 , ) , 0 , 64 , 1 , ) , () , ) , ( ( 0 , 0 , ( 17 , 0 ) , ( 1 , 0 ) , ( 14 , 0 , 0 , 1 , ) , 60 , 64 , 1 , ) , ( ( 0 , ( 1 , 0 ) , ) , ) , ) , ) , ) , ( 2 , ( ( ( 1 , 1 , ( 38 , 0 ) , ( 0 , 0 ) , ( 32 , 0 , 0 , 1 , ) , 0 , 64 , 1 , ) , () , ) , ( ( 0 , 0 , ( 19 , 0 ) , ( 2 , 0 ) , ( 9 , 0 , 0 , 1 , ) , 64 , 64 , 1 , ) , ( ( 0 , ( 1 , 0 ) , ) , ) , ) , ) , ) , ( 3 , ( ( ( 1 , 1 , ( 38 , 0 ) , ( 0 , 0 ) , ( 32 , 0 , 0 , 1 , ) , 0 , 64 , 1 , ) , () , ) , ( ( 0 , 0 , ( 22 , 0 ) , ( 3 , 0 ) , ( 0 , 0 , 0 , 1 , ) , 64 , 64 , 1 , ) , ( ( 0 , ( 1 , 0 ) , ) , ) , ) , ) , ) , ( 4 , ( ( ( 1 , 1 , ( 38 , 0 ) , ( 0 , 0 ) , ( 32 , 0 , 0 , 1 , ) , 0 , 64 , 1 , ) , () , ) , ( ( 0 , 0 , ( 25 , 0 ) , ( 3 , 0 ) , ( 0 , 0 , 0 , 1 , ) , 64 , 64 , 1 , ) , () , ) , ) , ) , ( 5 , ( ( ( 1 , 1 , ( 38 , 0 ) , ( 0 , 0 ) , ( 32 , 0 , 0 , 1 , ) , 0 , 64 , 1 , ) , () , ) , ( ( 0 , 0 , ( 28 , 0 ) , ( 3 , 0 ) , ( 0 , 0 , 0 , 1 , ) , 64 , 64 , 1 , ) , () , ) , ) , ) , ( 6 , ( ( ( 1 , 1 , ( 38 , 0 ) , ( 0 , 0 ) , ( 32 , 0 , 0 , 1 , ) , 0 , 64 , 1 , ) , () , ) , ( ( 0 , 0 , ( 31 , 0 ) , ( 3 , 0 ) , ( 0 , 0 , 0 , 1 , ) , 64 , 64 , 1 , ) , () , ) , ) , ) , ( 7 , ( ( ( 1 , 1 , ( 38 , 0 ) , ( 0 , 0 ) , ( 32 , 0 , 0 , 1 , ) , 0 , 64 , 1 , ) , () , ) , ( ( 0 , 0 , ( 34 , 0 ) , ( 3 , 0 ) , ( 0 , 0 , 0 , 1 , ) , 64 , 64 , 1 , ) , () , ) , ) , ) , ( 8 , ( ( ( 1 , 1 , ( 38 , 0 ) , ( 0 , 0 ) , ( 0 , 0 , 0 , 0 , ) , 0 , 64 , 1 , ) , () , ) , ( ( 0 , 0 , ( 37 , 0 ) , ( 3 , 0 ) , ( 0 , 0 , 0 , 0 , ) , 64 , 64 , 1 , ) , ( ( 1 , 128 , 32 , ) , ) , ) , ) , ) , ) , ) , () , ) , 8 , () , )
tutorial 5 end? | ( 6 , ( 5 , 9 , 4739738076862112292 , 0 , 13 , 3 , () , () , 4 , ( 8 , () , ( ( ( 1 , 1 , ( 38 , 0 ) , ( 0 , 0 ) , ( 0 , 0 , 0 , 0 , ) , 0 , 64 , 1 , ) , () , ) , ( ( 0 , 0 , ( 37 , 0 ) , ( 3 , 0 ) , ( 0 , 0 , 0 , 0 , ) , 64 , 64 , 1 , ) , ( ( 1 , 128 , 32 , ) , ) , ) , ) , ) , ( 8 , 0 , ( 512 , 1 , 64 , ) , () , () , ) , ( () , ( ( 0 , ( ( ( 1 , 1 , ( 38 , 0 ) , ( 0 , 0 ) , ( 32 , 0 , 0 , 1 , ) , 0 , 64 , 1 , ) , () , ) , ( ( 0 , 0 , ( 16 , 0 ) , ( 0 , 0 ) , ( 15 , 0 , 0 , 1 , ) , 52 , 64 , 1 , ) , () , ) , ) , ) , ( 1 , ( ( ( 1 , 1 , ( 38 , 0 ) , ( 0 , 0 ) , ( 32 , 0 , 0 , 1 , ) , 0 , 64 , 1 , ) , () , ) , ( ( 0 , 0 , ( 17 , 0 ) , ( 1 , 0 ) , ( 14 , 0 , 0 , 1 , ) , 60 , 64 , 1 , ) , ( ( 0 , ( 1 , 0 ) , ) , ) , ) , ) , ) , ( 2 , ( ( ( 1 , 1 , ( 38 , 0 ) , ( 0 , 0 ) , ( 32 , 0 , 0 , 1 , ) , 0 , 64 , 1 , ) , () , ) , ( ( 0 , 0 , ( 19 , 0 ) , ( 2 , 0 ) , ( 9 , 0 , 0 , 1 , ) , 64 , 64 , 1 , ) , ( ( 0 , ( 1 , 0 ) , ) , ) , ) , ) , ) , ( 3 , ( ( ( 1 , 1 , ( 38 , 0 ) , ( 0 , 0 ) , ( 32 , 0 , 0 , 1 , ) , 0 , 64 , 1 , ) , () , ) , ( ( 0 , 0 , ( 22 , 0 ) , ( 3 , 0 ) , ( 0 , 0 , 0 , 1 , ) , 64 , 64 , 1 , ) , ( ( 0 , ( 1 , 0 ) , ) , ) , ) , ) , ) , ( 4 , ( ( ( 1 , 1 , ( 38 , 0 ) , ( 0 , 0 ) , ( 32 , 0 , 0 , 1 , ) , 0 , 64 , 1 , ) , () , ) , ( ( 0 , 0 , ( 25 , 0 ) , ( 3 , 0 ) , ( 0 , 0 , 0 , 1 , ) , 64 , 64 , 1 , ) , () , ) , ) , ) , ( 5 , ( ( ( 1 , 1 , ( 38 , 0 ) , ( 0 , 0 ) , ( 32 , 0 , 0 , 1 , ) , 0 , 64 , 1 , ) , () , ) , ( ( 0 , 0 , ( 28 , 0 ) , ( 3 , 0 ) , ( 0 , 0 , 0 , 1 , ) , 64 , 64 , 1 , ) , () , ) , ) , ) , ( 6 , ( ( ( 1 , 1 , ( 38 , 0 ) , ( 0 , 0 ) , ( 32 , 0 , 0 , 1 , ) , 0 , 64 , 1 , ) , () , ) , ( ( 0 , 0 , ( 31 , 0 ) , ( 3 , 0 ) , ( 0 , 0 , 0 , 1 , ) , 64 , 64 , 1 , ) , () , ) , ) , ) , ( 7 , ( ( ( 1 , 1 , ( 38 , 0 ) , ( 0 , 0 ) , ( 32 , 0 , 0 , 1 , ) , 0 , 64 , 1 , ) , () , ) , ( ( 0 , 0 , ( 34 , 0 ) , ( 3 , 0 ) , ( 0 , 0 , 0 , 1 , ) , 64 , 64 , 1 , ) , () , ) , ) , ) , ( 8 , ( ( ( 1 , 1 , ( 38 , 0 ) , ( 0 , 0 ) , ( 0 , 0 , 0 , 0 , ) , 0 , 64 , 1 , ) , () , ) , ( ( 0 , 0 , ( 37 , 0 ) , ( 3 , 0 ) , ( 0 , 0 , 0 , 0 , ) , 64 , 64 , 1 , ) , ( ( 1 , 128 , 32 , ) , ) , ) , ) , ) , ) , ) , () , ) , 8 , () , )
tutorial 6 end | ( 6 , ( 6 , 9 , 6033308464064976414 , 0 , 14 , 3 , () , () , 4 , ( 4 , () , ( ( ( 1 , 1 , ( 48 , 0 ) , ( 0 , 0 ) , ( 0 , 0 , 0 , 0 , ) , 64 , 64 , 1 , ) , () , ) , ( ( 0 , 0 , ( 16 , 0 ) , ( 0 , 0 ) , ( 0 , 11 , 11 , 1 , ) , 64 , 64 , 1 , ) , ( ( 2 , ( 48 , 0 ) , 22 , 35 , 4 , ) , ) , ) , ) , ) , ( 4 , 0 , ( 512 , 1 , 64 , ) , () , () , ) , ( () , ( ( 0 , ( ( ( 1 , 1 , ( 48 , 0 ) , ( 0 , 0 ) , ( 423 , 0 , 0 , 1 , ) , 64 , 64 , 1 , ) , () , ) , ( ( 0 , 0 , ( 16 , 0 ) , ( 0 , 0 ) , ( 0 , 86 , 11 , 1 , ) , 0 , 64 , 1 , ) , () , ) , ) , ) , ( 1 , ( ( ( 1 , 1 , ( 48 , 0 ) , ( 0 , 0 ) , ( 196 , 0 , 0 , 1 , ) , 64 , 64 , 1 , ) , () , ) , ( ( 0 , 0 , ( 16 , 0 ) , ( 0 , 0 ) , ( 0 , 75 , 11 , 1 , ) , 64 , 64 , 1 , ) , ( ( 2 , ( 48 , 0 ) , 86 , 227 , 4 , ) , ) , ) , ) , ) , ( 2 , ( ( ( 1 , 1 , ( 48 , 0 ) , ( 0 , 0 ) , ( 196 , 0 , 0 , 1 , ) , 64 , 64 , 1 , ) , () , ) , ( ( 0 , 0 , ( 16 , 0 ) , ( 0 , 0 ) , ( 0 , 75 , 11 , 1 , ) , 53 , 64 , 1 , ) , () , ) , ) , ) , ( 3 , ( ( ( 1 , 1 , ( 48 , 0 ) , ( 0 , 0 ) , ( 2 , 0 , 0 , 1 , ) , 64 , 64 , 1 , ) , () , ) , ( ( 0 , 0 , ( 16 , 0 ) , ( 0 , 0 ) , ( 0 , 22 , 11 , 1 , ) , 64 , 64 , 1 , ) , ( ( 2 , ( 48 , 0 ) , 75 , 194 , 4 , ) , ) , ) , ) , ) , ( 4 , ( ( ( 1 , 1 , ( 48 , 0 ) , ( 0 , 0 ) , ( 0 , 0 , 0 , 0 , ) , 64 , 64 , 1 , ) , () , ) , ( ( 0 , 0 , ( 16 , 0 ) , ( 0 , 0 ) , ( 0 , 11 , 11 , 1 , ) , 64 , 64 , 1 , ) , ( ( 2 , ( 48 , 0 ) , 22 , 35 , 4 , ) , ) , ) , ) , ) , ) , ) , () , ) , 8 , () , )
tutorial 7 end | ( 6 , ( 7 , 9 , 4559893966328959471 , 0 , 15 , 3 , () , () , 4 , ( 4 , () , ( ( ( 1 , 1 , ( 48 , 0 ) , ( 0 , 0 ) , ( 0 , 0 , 0 , 0 , ) , 64 , 64 , 1 , ) , () , ) , ( ( 0 , 0 , ( 16 , 0 ) , ( 0 , 0 ) , ( 0 , 16 , 8 , 1 , ) , 32 , 64 , 1 , ) , ( ( 2 , ( 48 , 0 ) , 16 , 17 , 4 , ) , ) , ) , ) , ) , ( 4 , 0 , ( 512 , 1 , 64 , ) , () , () , ) , ( () , ( ( 0 , ( ( ( 1 , 1 , ( 48 , 0 ) , ( 0 , 0 ) , ( 0 , 0 , 0 , 1 , ) , 0 , 64 , 1 , ) , () , ) , ( ( 0 , 0 , ( 16 , 0 ) , ( 0 , 0 ) , ( 0 , 16 , 8 , 1 , ) , 0 , 64 , 1 , ) , () , ) , ) , ) , ( 1 , ( ( ( 1 , 1 , ( 48 , 0 ) , ( 0 , 0 ) , ( 0 , 0 , 0 , 1 , ) , 17 , 64 , 1 , ) , () , ) , ( ( 0 , 0 , ( 16 , 0 ) , ( 0 , 0 ) , ( 0 , 16 , 8 , 1 , ) , 8 , 64 , 1 , ) , ( ( 2 , ( 48 , 0 ) , 16 , 17 , 4 , ) , ) , ) , ) , ) , ( 2 , ( ( ( 1 , 1 , ( 48 , 0 ) , ( 0 , 0 ) , ( 0 , 0 , 0 , 1 , ) , 34 , 64 , 1 , ) , () , ) , ( ( 0 , 0 , ( 16 , 0 ) , ( 0 , 0 ) , ( 0 , 16 , 8 , 1 , ) , 16 , 64 , 1 , ) , ( ( 2 , ( 48 , 0 ) , 16 , 17 , 4 , ) , ) , ) , ) , ) , ( 3 , ( ( ( 1 , 1 , ( 48 , 0 ) , ( 0 , 0 ) , ( 0 , 0 , 0 , 1 , ) , 51 , 64 , 1 , ) , () , ) , ( ( 0 , 0 , ( 16 , 0 ) , ( 0 , 0 ) , ( 0 , 16 , 8 , 1 , ) , 24 , 64 , 1 , ) , ( ( 2 , ( 48 , 0 ) , 16 , 17 , 4 , ) , ) , ) , ) , ) , ( 4 , ( ( ( 1 , 1 , ( 48 , 0 ) , ( 0 , 0 ) , ( 0 , 0 , 0 , 0 , ) , 64 , 64 , 1 , ) , () , ) , ( ( 0 , 0 , ( 16 , 0 ) , ( 0 , 0 ) , ( 0 , 16 , 8 , 1 , ) , 32 , 64 , 1 , ) , ( ( 2 , ( 48 , 0 ) , 16 , 17 , 4 , ) , ) , ) , ) , ) , ) , ) , () , ) , 8 , () , )
tutorial 8 end | ( 6 , ( 8 , 9 , 2375836824868487380 , 1 , 18 , 3 , () , () , 4 , ( 6 , () , ( ( ( 1 , 0 , ( 16 , 0 ) , ( 0 , 0 ) , ( 0 , 16 , 16 , 1 , ) , 0 , 64 , 1 , ) , ( ( 2 , ( 16 , 7 ) , 16 , 42 , 4 , ) , ) , ) , ( ( 0 , 3 , ( 16 , 5 ) , ( 0 , 5 ) , ( 0 , 0 , 0 , 0 , ) , 64 , 64 , 1 , ) , () , ) , ) , ) , ( 8 , 1 , ( 448 , 1 , 64 , ) , () , () , ) , ( () , ( ( 0 , ( ( ( 1 , 0 , ( 16 , 0 ) , ( 0 , 0 ) , ( 0 , 16 , 16 , 1 , ) , 0 , 64 , 1 , ) , () , ) , ( ( 0 , 1 , ( 44 , 0 ) , ( 3 , 0 ) , ( 24 , 0 , 0 , 1 , ) , 64 , 64 , 1 , ) , () , ) , ( ( 0 , 2 , ( 48 , 32 ) , ( 6 , 6 ) , ( 24 , 0 , 0 , 1 , ) , 64 , 64 , 1 , ) , () , ) , ( ( 0 , 3 , ( 16 , 35 ) , ( 0 , 5 ) , ( 24 , 0 , 0 , 1 , ) , 64 , 64 , 1 , ) , () , ) , ) , ) , ( 1 , ( ( ( 1 , 0 , ( 16 , 0 ) , ( 0 , 0 ) , ( 0 , 16 , 16 , 1 , ) , 0 , 64 , 1 , ) , ( ( 2 , ( 43 , 26 ) , 16 , 19 , 4 , ) , ) , ) , ( ( 0 , 1 , ( 41 , 0 ) , ( 3 , 0 ) , ( 24 , 0 , 0 , 1 , ) , 64 , 64 , 1 , ) , () , ) , ( ( 0 , 2 , ( 42 , 26 ) , ( 6 , 6 ) , ( 20 , 0 , 0 , 1 , ) , 64 , 64 , 1 , ) , () , ) , ( ( 0 , 3 , ( 16 , 30 ) , ( 0 , 5 ) , ( 24 , 0 , 0 , 1 , ) , 64 , 64 , 1 , ) , () , ) , ) , ) , ( 2 , ( ( ( 1 , 0 , ( 16 , 0 ) , ( 0 , 0 ) , ( 0 , 16 , 16 , 1 , ) , 0 , 64 , 1 , ) , ( ( 2 , ( 16 , 25 ) , 16 , 24 , 4 , ) , ) , ) , ( ( 0 , 1 , ( 38 , 0 ) , ( 3 , 0 ) , ( 24 , 0 , 0 , 1 , ) , 64 , 64 , 1 , ) , () , ) , ( ( 0 , 2 , ( 36 , 20 ) , ( 6 , 6 ) , ( 20 , 0 , 0 , 1 , ) , 64 , 64 , 1 , ) , () , ) , ( ( 0 , 3 , ( 16 , 25 ) , ( 0 , 5 ) , ( 0 , 0 , 0 , 1 , ) , 64 , 64 , 1 , ) , () , ) , ) , ) , ( 3 , ( ( ( 1 , 0 , ( 16 , 0 ) , ( 0 , 0 ) , ( 0 , 16 , 16 , 1 , ) , 0 , 64 , 1 , ) , ( ( 2 , ( 30 , 14 ) , 16 , 35 , 4 , ) , ) , ) , ( ( 0 , 1 , ( 35 , 0 ) , ( 3 , 0 ) , ( 24 , 0 , 0 , 1 , ) , 64 , 64 , 1 , ) , () , ) , ( ( 0 , 2 , ( 30 , 14 ) , ( 6 , 6 ) , ( 0 , 0 , 0 , 0 , ) , 64 , 64 , 1 , ) , () , ) , ( ( 0 , 3 , ( 16 , 20 ) , ( 0 , 5 ) , ( 0 , 0 , 0 , 1 , ) , 64 , 64 , 1 , ) , () , ) , ) , ) , ( 4 , ( ( ( 1 , 0 , ( 16 , 0 ) , ( 0 , 0 ) , ( 0 , 16 , 16 , 1 , ) , 0 , 64 , 1 , ) , ( ( 2 , ( 30 , 0 ) , 16 , 35 , 4 , ) , ) , ) , ( ( 0 , 1 , ( 32 , 0 ) , ( 3 , 0 ) , ( 22 , 0 , 0 , 1 , ) , 64 , 64 , 1 , ) , () , ) , ( ( 0 , 3 , ( 16 , 15 ) , ( 0 , 5 ) , ( 0 , 0 , 0 , 1 , ) , 64 , 64 , 1 , ) , () , ) , ) , ) , ( 5 , ( ( ( 1 , 0 , ( 16 , 0 ) , ( 0 , 0 ) , ( 0 , 16 , 16 , 1 , ) , 0 , 64 , 1 , ) , ( ( 2 , ( 29 , 0 ) , 16 , 36 , 4 , ) , ) , ) , ( ( 0 , 1 , ( 29 , 0 ) , ( 3 , 0 ) , ( 0 , 0 , 0 , 0 , ) , 64 , 64 , 1 , ) , () , ) , ( ( 0 , 3 , ( 16 , 10 ) , ( 0 , 5 ) , ( 0 , 0 , 0 , 1 , ) , 64 , 64 , 1 , ) , () , ) , ) , ) , ( 6 , ( ( ( 1 , 0 , ( 16 , 0 ) , ( 0 , 0 ) , ( 0 , 16 , 16 , 1 , ) , 0 , 64 , 1 , ) , ( ( 2 , ( 16 , 7 ) , 16 , 42 , 4 , ) , ) , ) , ( ( 0 , 3 , ( 16 , 5 ) , ( 0 , 5 ) , ( 0 , 0 , 0 , 0 , ) , 64 , 64 , 1 , ) , () , ) , ) , ) , ) , ) , () , ) , 8 , () , )
tutorial 9 end | ( 6 , ( 9 , 9 , 8626717551406140551 , 0 , 20 , 3 , () , () , 4 , ( 3 , () , ( ( ( 1 , 1 , ( 48 , 17 ) , ( 0 , 0 ) , ( 0 , 0 , 0 , 0 , ) , 64 , 64 , 1 , ) , () , ) , ( ( 0 , 0 , ( 22 , 6 ) , ( 3 , 3 ) , ( 5 , 64 , 64 , 1 , ) , 8 , 64 , 1 , ) , ( ( 2 , ( 48 , 17 ) , 64 , 5 , 4 , ) , ( 0 , ( 1 , 1 ) , ) , ) , ) , ) , ) , ( 4 , 0 , ( 512 , 1 , 64 , ) , () , () , ) , ( () , ( ( 0 , ( ( ( 1 , 1 , ( 48 , 17 ) , ( 0 , 0 ) , ( 0 , 0 , 0 , 1 , ) , 64 , 64 , 1 , ) , () , ) , ( ( 0 , 0 , ( 16 , 0 ) , ( 0 , 0 ) , ( 8 , 64 , 64 , 1 , ) , 0 , 64 , 1 , ) , () , ) , ) , ) , ( 1 , ( ( ( 1 , 1 , ( 48 , 17 ) , ( 0 , 0 ) , ( 0 , 0 , 0 , 1 , ) , 64 , 64 , 1 , ) , () , ) , ( ( 0 , 0 , ( 17 , 1 ) , ( 1 , 1 ) , ( 7 , 64 , 64 , 1 , ) , 8 , 64 , 1 , ) , ( ( 2 , ( 48 , 17 ) , 64 , 0 , 4 , ) , ( 0 , ( 1 , 1 ) , ) , ) , ) , ) , ) , ( 2 , ( ( ( 1 , 1 , ( 48 , 17 ) , ( 0 , 0 ) , ( 0 , 0 , 0 , 1 , ) , 64 , 64 , 1 , ) , () , ) , ( ( 0 , 0 , ( 19 , 3 ) , ( 2 , 2 ) , ( 6 , 64 , 64 , 1 , ) , 0 , 64 , 1 , ) , ( ( 0 , ( 1 , 1 ) , ) , ) , ) , ) , ) , ( 3 , ( ( ( 1 , 1 , ( 48 , 17 ) , ( 0 , 0 ) , ( 0 , 0 , 0 , 0 , ) , 64 , 64 , 1 , ) , () , ) , ( ( 0 , 0 , ( 22 , 6 ) , ( 3 , 3 ) , ( 5 , 64 , 64 , 1 , ) , 8 , 64 , 1 , ) , ( ( 2 , ( 48 , 17 ) , 64 , 5 , 4 , ) , ( 0 , ( 1 , 1 ) , ) , ) , ) , ) , ) , ) , ) , () , ) , 8 , () , )
tutorial 10 end? | ( 6 , ( 10 , 9 , 8626717551406140551 , 0 , 20 , 3 , () , () , 4 , ( 3 , () , ( ( ( 1 , 1 , ( 48 , 17 ) , ( 0 , 0 ) , ( 0 , 0 , 0 , 0 , ) , 64 , 64 , 1 , ) , () , ) , ( ( 0 , 0 , ( 22 , 6 ) , ( 3 , 3 ) , ( 5 , 64 , 64 , 1 , ) , 8 , 64 , 1 , ) , ( ( 2 , ( 48 , 17 ) , 64 , 5 , 4 , ) , ( 0 , ( 1 , 1 ) , ) , ) , ) , ) , ) , ( 4 , 0 , ( 512 , 1 , 64 , ) , () , () , ) , ( () , ( ( 0 , ( ( ( 1 , 1 , ( 48 , 17 ) , ( 0 , 0 ) , ( 0 , 0 , 0 , 1 , ) , 64 , 64 , 1 , ) , () , ) , ( ( 0 , 0 , ( 16 , 0 ) , ( 0 , 0 ) , ( 8 , 64 , 64 , 1 , ) , 0 , 64 , 1 , ) , () , ) , ) , ) , ( 1 , ( ( ( 1 , 1 , ( 48 , 17 ) , ( 0 , 0 ) , ( 0 , 0 , 0 , 1 , ) , 64 , 64 , 1 , ) , () , ) , ( ( 0 , 0 , ( 17 , 1 ) , ( 1 , 1 ) , ( 7 , 64 , 64 , 1 , ) , 8 , 64 , 1 , ) , ( ( 2 , ( 48 , 17 ) , 64 , 0 , 4 , ) , ( 0 , ( 1 , 1 ) , ) , ) , ) , ) , ) , ( 2 , ( ( ( 1 , 1 , ( 48 , 17 ) , ( 0 , 0 ) , ( 0 , 0 , 0 , 1 , ) , 64 , 64 , 1 , ) , () , ) , ( ( 0 , 0 , ( 19 , 3 ) , ( 2 , 2 ) , ( 6 , 64 , 64 , 1 , ) , 0 , 64 , 1 , ) , ( ( 0 , ( 1 , 1 ) , ) , ) , ) , ) , ) , ( 3 , ( ( ( 1 , 1 , ( 48 , 17 ) , ( 0 , 0 ) , ( 0 , 0 , 0 , 0 , ) , 64 , 64 , 1 , ) , () , ) , ( ( 0 , 0 , ( 22 , 6 ) , ( 3 , 3 ) , ( 5 , 64 , 64 , 1 , ) , 8 , 64 , 1 , ) , ( ( 2 , ( 48 , 17 ) , 64 , 5 , 4 , ) , ( 0 , ( 1 , 1 ) , ) , ) , ) , ) , ) , ) , ) , () , ) , 8 , () , )
